300	0.930483	0	0	0.0341
301	0.967643	0	0	0.36014
302	1.00597	0	0	0.68618
303	1.04549	0	0	1.01222
304	1.08623	0	0	1.33826

305	1.12821	0	0	1.6643
306	1.17147	0	0	1.99034
307	1.21602	0	0	2.31638
308	1.26188	0	0	2.64242
309	1.3091	0	0	2.96846

310	1.35769	0	0	3.2945
311	1.40768	0	0	4.98865
312	1.4591	0	0	6.6828
313	1.51198	0	0	8.37695
314	1.56633	0	0	10.0711

315	1.62219	0	0	11.7652
316	1.67959	0	0	13.4594
317	1.73855	0	0	15.1535
318	1.7991	0	0	16.8477
319	1.86127	0	0	18.5418

320	1.92508	0.02	0.01	20.236
321	1.99057	0.068	0.048	21.9177
322	2.05776	0.116	0.086	23.5995
323	2.12667	0.164	0.124	25.2813
324	2.19734	0.212	0.162	26.963

325	2.2698	0.26	0.2	28.6447
326	2.34406	0.308	0.24	30.3265
327	2.42017	0.356	0.28	32.0082
328	2.49814	0.404	0.32	33.69
329	2.57801	0.452	0.36	35.3717

330	2.65981	0.5	0.4	37.0535
331	2.74355	0.69	0.63	37.343
332	2.82928	0.88	0.86	37.6326
333	2.91701	1.07	1.09	37.9221
334	3.00678	1.26	1.32	38.2116

335	3.09861	1.45	1.55	38.5011
336	3.19253	1.64	1.78	38.7907
337	3.28857	1.83	2.01	39.0802
338	3.38676	2.02	2.24	39.3697
339	3.48712	2.21	2.47	39.6593

340	3.58968	2.4	2.7	39.9488
341	3.69447	2.72	3.13	40.4451
342	3.80152	3.04	3.56	40.9414
343	3.91085	3.36	3.99	41.4377
344	4.0225	3.68	4.42	41.934

345	4.13648	4	4.85	42.4302
346	4.25282	4.32	5.28	42.9265
347	4.37156	4.64	5.71	43.4228
348	4.49272	4.96	6.14	43.9191
349	4.61631	5.28	6.57	44.4154

350	4.74238	5.6	7	44.9117
351	4.87095	6	7.59	45.0844
352	5.00204	6.4	8.18	45.257
353	5.13568	6.8	8.77	45.4297
354	5.27189	7.2	9.36	45.6023

355	5.4107	7.6	9.95	45.775
356	5.55213	8	10.54	45.9477
357	5.69622	8.4	11.13	46.1203
358	5.84298	8.8	11.72	46.293
359	5.99244	9.2	12.31	46.4656

360	6.14462	9.6	12.9	46.6383
361	6.29955	10.16	13.76	47.1834
362	6.45724	10.72	14.62	47.7285
363	6.61774	11.28	15.48	48.2735
364	6.78105	11.84	16.34	48.8186

365	6.9472	12.4	17.2	49.3637
366	7.11621	12.96	18.04	49.9088
367	7.28811	13.52	18.88	50.4539
368	7.46292	14.08	19.72	50.9989
369	7.64066	14.64	20.56	51.544

370	7.82135	15.2	21.4	52.0891
371	8.00501	15.92	22.62	51.8777
372	8.19167	16.64	23.84	51.6664
373	8.38134	17.36	25.06	51.455
374	8.57404	18.08	26.28	51.2437

375	8.7698	18.8	27.5	51.0323
376	8.96864	19.52	28.6	50.8209
377	9.17056	20.24	29.7	50.6096
378	9.37561	20.96	30.8	50.3982
379	9.58378	21.68	31.9	50.1869

380	9.7951	22.4	33	49.9755
381	10.0096	23.29	34.384	50.4428
382	10.2273	24.18	35.768	50.91
383	10.4481	25.07	37.152	51.3773
384	10.6722	25.96	38.536	51.8446

385	10.8996	26.85	39.92	52.3118
386	11.1302	27.74	41.416	52.7791
387	11.364	28.63	42.912	53.2464
388	11.6012	29.52	44.408	53.7137
389	11.8416	30.41	45.904	54.1809

390	12.0853	31.3	47.4	54.6482
391	12.3324	32.276	48.954	57.4589
392	12.5828	33.252	50.508	60.2695
393	12.8366	34.228	52.062	63.0802
394	13.0938	35.204	53.616	65.8909

395	13.3543	36.18	55.17	68.7015
396	13.6182	37.204	56.796	71.5122
397	13.8855	38.228	58.422	74.3229
398	14.1563	39.252	60.048	77.1336
399	14.4304	40.276	61.674	79.9442

400	14.708	41.3	63.3	82.7549
401	14.9891	42.364	65.002	83.628
402	15.2736	43.428	66.704	84.5011
403	15.5616	44.492	68.406	85.3742
404	15.853	45.556	70.108	86.2473

405	16.148	46.62	71.81	87.1204
406	16.4464	47.716	73.568	87.9936
407	16.7484	48.812	75.326	88.8667
408	17.0538	49.908	77.084	89.7398
409	17.3628	51.004	78.842	90.6129

410	17.6753	52.1	80.6	91.486
411	17.9913	53.22	82.386	91.6806
412	18.3108	54.34	84.172	91.8752
413	18.6339	55.46	85.958	92.0697
414	18.9605	56.58	87.744	92.2643

415	19.2907	57.7	89.53	92.4589
416	19.6244	58.8	91.244	92.6535
417	19.9617	59.9	92.958	92.8481
418	20.3026	61	94.672	93.0426
419	20.647	62.1	96.386	93.2372

420	20.995	63.2	98.1	93.4318
421	21.3465	64.234	99.64	92.7568
422	21.7016	65.268	101.18	92.0819
423	22.0603	66.302	102.72	91.4069
424	22.4225	67.336	104.26	90.732

425	22.7883	68.37	105.8	90.057
426	23.1577	69.316	107.12	89.3821
427	23.5307	70.262	108.44	88.7071
428	23.9072	71.208	109.76	88.0322
429	24.2873	72.154	111.08	87.3572

430	24.6709	73.1	112.4	86.6823
431	25.0581	73.942	113.47	88.5006
432	25.4489	74.784	114.54	90.3188
433	25.8432	75.626	115.61	92.1371
434	26.2411	76.468	116.68	93.9553

435	26.6425	77.31	117.75	95.7736
436	27.0475	78.008	118.5	97.5919
437	27.456	78.706	119.25	99.4101
438	27.8681	79.404	120	101.228
439	28.2836	80.102	120.75	103.047

440	28.7027	80.8	121.5	104.865
441	29.1253	81.328	121.89	106.079
442	29.5515	81.856	122.28	107.293
443	29.9811	82.384	122.67	108.508
444	30.4142	82.912	123.06	109.722

445	30.8508	83.44	123.45	110.936
446	31.2909	83.832	123.56	112.151
447	31.7345	84.224	123.67	113.365
448	32.1815	84.616	123.78	114.579
449	32.632	85.008	123.89	115.793

450	33.0859	85.4	124	117.008
451	33.5432	85.696	123.92	117.088
452	34.004	85.992	123.84	117.169
453	34.4682	86.288	123.76	117.249
454	34.9358	86.584	123.68	117.329

455	35.4068	86.88	123.6	117.41
456	35.8811	87.164	123.5	117.49
457	36.3588	87.448	123.4	117.571
458	36.8399	87.732	123.3	117.651
459	37.3243	88.016	123.2	117.732

460	37.8121	88.3	123.1	117.812
461	38.3031	88.656	123.14	117.517
462	38.7975	89.012	123.18	117.222
463	39.2951	89.368	123.22	116.927
464	39.796	89.724	123.26	116.632

465	40.3002	90.08	123.3	116.337
466	40.8076	90.464	123.4	116.041
467	41.3182	90.848	123.5	115.746
468	41.832	91.232	123.6	115.451
469	42.3491	91.616	123.7	115.156

470	42.8693	92	123.8	114.861
471	43.3926	92.35	123.858	114.967
472	43.9192	92.7	123.916	115.073
473	44.4488	93.05	123.974	115.179
474	44.9816	93.4	124.032	115.286

475	45.5174	93.75	124.09	115.392
476	46.0563	94.04	124.052	115.498
477	46.5983	94.33	124.014	115.604
478	47.1433	94.62	123.976	115.71
479	47.6913	94.91	123.938	115.817

480	48.2423	95.2	123.9	115.923
481	48.7963	95.406	123.704	115.212
482	49.3533	95.612	123.508	114.5
483	49.9132	95.818	123.312	113.789
484	50.476	96.024	123.116	113.078

485	51.0418	96.23	122.92	112.367
486	51.6104	96.284	122.476	111.656
487	52.1818	96.338	122.032	110.944
488	52.7561	96.392	121.588	110.233
489	53.3332	96.446	121.144	109.522

490	53.9132	96.5	120.7	108.811
491	54.4958	96.342	119.94	108.865
492	55.0813	96.184	119.18	108.919
493	55.6694	96.026	118.42	108.974
494	56.2603	95.868	117.66	109.028

495	56.8539	95.71	116.9	109.083
496	57.4501	95.408	115.94	109.137
497	58.0489	95.106	114.98	109.191
498	58.6504	94.804	114.02	109.246
499	59.2545	94.502	113.06	109.3

500	59.8611	94.2	112.1	109.354
501	60.4703	93.834	111.076	109.199
502	61.082	93.468	110.052	109.044
503	61.6962	93.102	109.028	108.889
504	62.3128	92.736	108.004	108.733

505	62.932	92.37	106.98	108.578
506	63.5535	92.036	106.044	108.423
507	64.1775	91.702	105.108	108.268
508	64.8038	91.368	104.172	108.112
509	65.4325	91.034	103.236	107.957

510	66.0635	90.7	102.3	107.802
511	66.6968	90.49	101.602	107.501
512	67.3324	90.28	100.904	107.199
513	67.9702	90.07	100.206	106.898
514	68.6102	89.86	99.508	106.597

515	69.2525	89.65	98.81	106.296
516	69.8969	89.62	98.428	105.995
517	70.5435	89.59	98.046	105.693
518	71.1922	89.56	97.664	105.392
519	71.843	89.53	97.282	105.091

520	72.4959	89.5	96.9	104.79
521	73.1508	89.686	96.876	105.08
522	73.8077	89.872	96.852	105.37
523	74.4666	90.058	96.828	105.66
524	75.1275	90.244	96.804	105.95

525	75.7903	90.43	96.78	106.24
526	76.4551	90.784	97.024	106.53
527	77.1217	91.138	97.268	106.82
528	77.7902	91.492	97.512	107.11
529	78.4605	91.846	97.756	107.4

530	79.1326	92.2	98	107.689
531	79.8065	92.652	98.388	107.361
532	80.4821	93.104	98.776	107.033
533	81.1595	93.556	99.164	106.704
534	81.8386	94.008	99.552	106.376

535	82.5193	94.46	99.94	106.047
536	83.2017	94.948	100.372	105.719
537	83.8856	95.436	100.804	105.391
538	84.5712	95.924	101.236	105.062
539	85.2584	96.412	101.668	104.734

540	85.947	96.9	102.1	104.405
541	86.6372	97.352	102.47	104.37
542	87.3288	97.804	102.84	104.334
543	88.0219	98.256	103.21	104.298
544	88.7165	98.708	103.58	104.262

545	89.4124	99.16	103.95	104.226
546	90.1097	99.528	104.2	104.19
547	90.8083	99.896	104.45	104.154
548	91.5082	100.264	104.7	104.118
549	92.2095	100.632	104.95	104.082

550	92.912	101	105.2	104.046
551	93.6157	101.24	105.294	103.642
552	94.3206	101.48	105.388	103.237
553	95.0267	101.72	105.482	102.832
554	95.7339	101.96	105.576	102.428

555	96.4423	102.2	105.67	102.023
556	97.1518	102.32	105.596	101.618
557	97.8623	102.44	105.522	101.214
558	98.5739	102.56	105.448	100.809
559	99.2864	102.68	105.374	100.405

560	100	102.8	105.3	100
561	100.715	102.824	105.062	99.6334
562	101.43	102.848	104.824	99.2668
563	102.146	102.872	104.586	98.9003
564	102.864	102.896	104.348	98.5337

565	103.582	102.92	104.11	98.1671
566	104.301	102.856	103.748	97.8005
567	105.02	102.792	103.386	97.4339
568	105.741	102.728	103.024	97.0674
569	106.462	102.664	102.662	96.7008

570	107.184	102.6	102.3	96.3342
571	107.906	102.46	101.87	96.2796
572	108.63	102.32	101.44	96.225
573	109.354	102.18	101.01	96.1703
574	110.078	102.04	100.58	96.1157

575	110.803	101.9	100.15	96.0611
576	111.529	101.72	99.68	96.0065
577	112.255	101.54	99.21	95.9519
578	112.982	101.36	98.74	95.8972
579	113.709	101.18	98.27	95.8426

580	114.436	101	97.8	95.788
581	115.164	100.814	97.326	95.0778
582	115.893	100.628	96.852	94.3675
583	116.622	100.442	96.378	93.6573
584	117.351	100.256	95.904	92.947

585	118.08	100.07	95.43	92.2368
586	118.81	99.896	94.984	91.5266
587	119.54	99.722	94.538	90.8163
588	120.27	99.548	94.092	90.1061
589	121.001	99.374	93.646	89.3958

590	121.731	99.2	93.2	88.6856
591	122.462	99.048	92.804	88.8177
592	123.193	98.896	92.408	88.9497
593	123.924	98.744	92.012	89.0818
594	124.655	98.592	91.616	89.2138

595	125.386	98.44	91.22	89.3459
596	126.118	98.352	90.916	89.478
597	126.849	98.264	90.612	89.61
598	127.58	98.176	90.308	89.7421
599	128.312	98.088	90.004	89.8741

600	129.043	98	89.7	90.0062
601	129.774	98.016	89.526	89.9655
602	130.505	98.032	89.352	89.9248
603	131.236	98.048	89.178	89.8841
604	131.966	98.064	89.004	89.8434

605	132.697	98.08	88.83	89.8026
606	133.427	98.164	88.744	89.7619
607	134.157	98.248	88.658	89.7212
608	134.887	98.332	88.572	89.6805
609	135.617	98.416	88.486	89.6398

610	136.346	98.5	88.4	89.5991
611	137.075	98.612	88.358	89.4091
612	137.804	98.724	88.316	89.219
613	138.532	98.836	88.274	89.029
614	139.26	98.948	88.232	88.8389

615	139.988	99.06	88.19	88.6489
616	140.715	99.188	88.172	88.4589
617	141.441	99.316	88.154	88.2688
618	142.167	99.444	88.136	88.0788
619	142.893	99.572	88.118	87.8887

620	143.618	99.7	88.1	87.6987
621	144.343	99.832	88.092	87.2577
622	145.067	99.964	88.084	86.8167
623	145.79	100.096	88.076	86.3757
624	146.513	100.228	88.068	85.9347

625	147.235	100.36	88.06	85.4936
626	147.957	100.488	88.048	85.0526
627	148.678	100.616	88.036	84.6116
628	149.398	100.744	88.024	84.1706
629	150.117	100.872	88.012	83.7296

630	150.836	101	88	83.2886
631	151.554	101.112	87.972	83.3297
632	152.271	101.224	87.944	83.3707
633	152.988	101.336	87.916	83.4118
634	153.704	101.448	87.888	83.4528

635	154.418	101.56	87.86	83.4939
636	155.132	101.688	87.848	83.535
637	155.845	101.816	87.836	83.576
638	156.558	101.944	87.824	83.6171
639	157.269	102.072	87.812	83.6581

640	157.979	102.2	87.8	83.6992
641	158.689	102.37	87.838	83.332
642	159.397	102.54	87.876	82.9647
643	160.104	102.71	87.914	82.5975
644	160.811	102.88	87.952	82.2302

645	161.516	103.05	87.99	81.863
646	162.221	103.22	88.032	81.4958
647	162.924	103.39	88.074	81.1285
648	163.626	103.56	88.116	80.7613
649	164.327	103.73	88.158	80.394

650	165.028	103.9	88.2	80.0268
651	165.726	104.038	88.2	80.0456
652	166.424	104.176	88.2	80.0644
653	167.121	104.314	88.2	80.0831
654	167.816	104.452	88.2	80.1019

655	168.51	104.59	88.2	80.1207
656	169.203	104.672	88.14	80.1395
657	169.895	104.754	88.08	80.1583
658	170.586	104.836	88.02	80.177
659	171.275	104.918	87.96	80.1958

660	171.963	105	87.9	80.2146
661	172.65	105.016	87.764	80.4209
662	173.335	105.032	87.628	80.6272
663	174.019	105.048	87.492	80.8336
664	174.702	105.064	87.356	81.0399

665	175.383	105.08	87.22	81.2462
666	176.063	105.044	87.036	81.4525
667	176.741	105.008	86.852	81.6588
668	177.419	104.972	86.668	81.8652
669	178.094	104.936	86.484	82.0715

670	178.769	104.9	86.3	82.2778
671	179.441	104.83	86.1	81.8784
672	180.113	104.76	85.9	81.4791
673	180.783	104.69	85.7	81.0797
674	181.451	104.62	85.5	80.6804

675	182.118	104.55	85.3	80.281
676	182.783	104.42	85.04	79.8816
677	183.447	104.29	84.78	79.4823
678	184.109	104.16	84.52	79.0829
679	184.77	104.03	84.26	78.6836

680	185.429	103.9	84	78.2842
681	186.087	103.688	83.642	77.4279
682	186.743	103.476	83.284	76.5716
683	187.397	103.264	82.926	75.7153
684	188.05	103.052	82.568	74.859

685	188.701	102.84	82.21	74.0027
686	189.35	102.592	81.808	73.1465
687	189.998	102.344	81.406	72.2902
688	190.644	102.096	81.004	71.4339
689	191.288	101.848	80.602	70.5776

690	191.931	101.6	80.2	69.7213
691	192.572	101.356	79.808	69.9101
692	193.211	101.112	79.416	70.0989
693	193.849	100.868	79.024	70.2876
694	194.484	100.624	78.632	70.4764

695	195.118	100.38	78.24	70.6652
696	195.75	100.124	77.852	70.854
697	196.381	99.868	77.464	71.0428
698	197.009	99.612	77.076	71.2315
699	197.636	99.356	76.688	71.4203

700	198.261	99.1	76.3	71.6091
701	198.884	98.82	75.912	71.8831
702	199.506	98.54	75.524	72.1571
703	200.125	98.26	75.136	72.4311
704	200.743	97.98	74.748	72.7051

705	201.359	97.7	74.36	72.979
706	201.972	97.4	73.968	73.253
707	202.584	97.1	73.576	73.527
708	203.195	96.8	73.184	73.801
709	203.803	96.5	72.792	74.075

710	204.409	96.2	72.4	74.349
711	205.013	95.88	72	73.0745
712	205.616	95.56	71.6	71.8
713	206.216	95.24	71.2	70.5255
714	206.815	94.92	70.8	69.251

715	207.411	94.6	70.4	67.9765
716	208.006	94.26	69.98	66.702
717	208.599	93.92	69.56	65.4275
718	209.189	93.58	69.14	64.153
719	209.778	93.24	68.72	62.8785

720	210.365	92.9	68.3	61.604
721	210.949	92.54	67.9	62.4322
722	211.532	92.18	67.5	63.2603
723	212.112	91.82	67.1	64.0885
724	212.691	91.46	66.7	64.9166

725	213.268	91.1	66.3	65.7448
726	213.842	90.76	65.92	66.573
727	214.415	90.42	65.54	67.4011
728	214.985	90.08	65.16	68.2293
729	215.553	89.74	64.78	69.0574

730	216.12	89.4	64.4	69.8856
731	216.684	89.12	64.08	70.4057
732	217.246	88.84	63.76	70.9259
733	217.806	88.56	63.44	71.446
734	218.364	88.28	63.12	71.9662

735	218.92	88	62.8	72.4863
736	219.473	87.78	62.54	73.0064
737	220.025	87.56	62.28	73.5266
738	220.574	87.34	62.02	74.0467
739	221.122	87.12	61.76	74.5669

740	221.667	86.9	61.5	75.087
741	222.21	86.7	61.24	73.9376
742	222.751	86.5	60.98	72.7881
743	223.29	86.3	60.72	71.6387
744	223.826	86.1	60.46	70.4893

745	224.361	85.9	60.2	69.3398
746	224.893	85.76	60	68.1904
747	225.423	85.62	59.8	67.041
748	225.951	85.48	59.6	65.8916
749	226.477	85.34	59.4	64.7421

750	227	85.2	59.2	63.5927
751	227.522	85.12	59.06	61.8752
752	228.041	85.04	58.92	60.1578
753	228.558	84.96	58.78	58.4404
754	229.073	84.88	58.64	56.7229

755	229.585	84.8	58.5	55.0054
756	230.096	84.78	58.42	52.288
757	230.604	84.76	58.34	51.5705
758	231.11	84.74	58.26	49.8531
759	231.614	84.72	58.18	48.1356

760	232.115	84.7	58.1	46.4182
761	232.615	84.74	58.08	48.4569
762	233.112	84.78	58.06	50.4956
763	233.606	84.82	58.04	52.5344
764	234.099	84.86	58.02	54.5731

765	234.589	84.9	58	56.6118
766	235.078	85	58.04	58.6505
767	235.564	85.1	58.08	60.6892
768	236.047	85.2	58.12	62.728
769	236.529	85.3	58.16	64.7667

770	237.008	85.4	58.2	66.8054
771	237.485	0	0	66.4631
772	237.959	0	0	66.1209
773	238.432	0	0	65.7786
774	238.902	0	0	65.4364

775	239.37	0	0	65.0941
776	239.836	0	0	64.7518
777	240.299	0	0	64.4096
778	240.76	0	0	64.0673
779	241.219	0	0	63.7251

780	241.675	0	0	63.3828
781	242.13	0	0	63.4749
782	242.582	0	0	63.567
783	243.031	0	0	63.6592
784	243.479	0	0	63.7513

785	243.924	0	0	63.8434
786	244.367	0	0	63.9355
787	244.808	0	0	64.0276
788	245.246	0	0	64.1198
789	245.682	0	0	64.2119

790	246.116	0	0	64.304
791	246.548	0	0	63.8188
792	246.977	0	0	63.3336
793	247.404	0	0	62.8484
794	247.829	0	0	62.3632

795	248.251	0	0	61.8779
796	248.671	0	0	61.3927
797	249.089	0	0	60.9075
798	249.505	0	0	60.4223
799	249.918	0	0	59.9371

800	250.329	0	0	59.4519
801	250.738	0	0	58.7026
802	251.144	0	0	57.9533
803	251.548	0	0	57.204
804	251.95	0	0	56.4547

805	252.35	0	0	55.7054
806	252.747	0	0	54.9562
807	253.142	0	0	54.2069
808	253.535	0	0	53.4576
809	253.925	0	0	52.7083

810	254.314	0	0	51.959
811	254.7	0	0	52.5072
812	255.083	0	0	53.0553
813	255.465	0	0	53.6035
814	255.844	0	0	54.1516

815	256.221	0	0	54.6998
816	256.595	0	0	55.248
817	256.968	0	0	55.7961
818	257.338	0	0	56.3443
819	257.706	0	0	56.8924

820	258.071	0	0	57.4406
821	258.434	0	0	57.7278
822	258.795	0	0	58.015
823	259.154	0	0	58.3022
824	259.511	0	0	58.5894

825	259.865	0	0	58.8765
826	260.217	0	0	59.1637
827	260.567	0	0	59.4509
828	260.914	0	0	59.7381
829	261.259	0	0	60.0253

830	261.602	0	0	60.3125
